<?xml version="1.0"?>
<opencv_storage>
<calibration_time>"Fri Sep  1 19:55:52 2017"</calibration_time>
<nframes>10</nframes>
<image_width>634</image_width>
<image_height>479</image_height>
<board_width>9</board_width>
<board_height>6</board_height>
<square_size>25.</square_size>
<flags>0</flags>
<camera_matrix type_id="opencv-matrix">
  <rows>3</rows>
  <cols>3</cols>
  <dt>d</dt>
  <data>
    3.6192214211982190e+02 0. 3.7183424829743285e+02 0.
    3.9490156520932464e+02 2.4116764324060634e+02 0. 0. 1.</data></camera_matrix>
<distortion_coefficients type_id="opencv-matrix">
  <rows>5</rows>
  <cols>1</cols>
  <dt>d</dt>
  <data>
    -3.8193268834109767e-01 8.4096225511902892e-02
    -2.6038466994967680e-04 -6.2370456151325087e-05
    3.0151297136761368e-01</data></distortion_coefficients>
<avg_reprojection_error>2.1884474316513500e-01</avg_reprojection_error>
<per_view_reprojection_errors type_id="opencv-matrix">
  <rows>10</rows>
  <cols>1</cols>
  <dt>f</dt>
  <data>
    1.78948134e-01 2.25126207e-01 1.83555737e-01 2.65827358e-01
    2.47642860e-01 2.19244793e-01 2.04984605e-01 2.18457788e-01
    2.39453390e-01 1.88131303e-01</data></per_view_reprojection_errors>
<!-- a set of 6-tuples (rotation vector + translation vector) for each view -->
<extrinsic_parameters type_id="opencv-matrix">
  <rows>10</rows>
  <cols>6</cols>
  <dt>d</dt>
  <data>
    4.5205287215205442e-01 1.4968653733180412e-01 1.7140782651460873e-01
    -9.5405926109114446e+01 -8.5991555161368154e+01
    3.2548521163061378e+02 6.3514182519611317e-01 2.7840185667881417e-02
    -1.4509494309635154e-02 -1.0413083965447763e+02
    -6.7255888637699783e+01 2.6469064083504350e+02
    2.4956267766267631e-01 -4.4486594680791518e-02
    2.3027015594067342e-02 -1.2064784086288405e+02
    -5.3338975088577945e+00 3.2033546505628294e+02
    4.4434433051568439e-01 4.5317755366464083e-02 7.3967140898706471e-02
    -9.6255571169906176e+01 -8.4531552666815344e+01
    3.4531760064417148e+02 4.3532055595192909e-01
    -2.4196286859630811e-01 -6.6939019244008413e-02
    -1.0131466199925663e+02 -5.3659116006415495e+01
    3.2315539965502057e+02 5.1593060690858172e-01 2.2379659990914531e-02
    8.3745790561648922e-02 -1.0633501433116139e+02
    -4.0717140339705125e+01 2.8924449049318878e+02
    4.4991146291490536e-01 1.2909343403794588e-01
    -2.0152399698106857e-01 -1.6214472896999399e+02
    -1.4823659409631079e+01 3.2803900822918803e+02
    4.9620155609876809e-01 -4.1006254517643886e-01
    -3.0017953713091955e-01 -1.0279234431645347e+02
    -3.8313834063174763e+00 2.4464889997230719e+02
    2.1552835918353397e-01 3.2589441185000866e-03
    -9.3124858520896876e-03 -1.0394682639741876e+02
    -3.3068620285862538e-01 3.4985542082574148e+02
    3.1891641206074178e-01 3.4737435698047253e-01 1.9904470874887606e-01
    -1.0340672952659243e+02 -6.8104648252362040e+01
    3.7693410914598195e+02</data></extrinsic_parameters>
<image_points type_id="opencv-matrix">
  <rows>10</rows>
  <cols>54</cols>
  <dt>"2f"</dt>
  <data>
    2.71578827e+02 1.42692520e+02 2.95330200e+02 1.45943268e+02
    3.20509155e+02 1.50113220e+02 3.47064667e+02 1.54171371e+02
    3.73999817e+02 1.59627045e+02 4.01985840e+02 1.64909012e+02
    4.30095886e+02 1.70974869e+02 4.57474609e+02 1.77154480e+02
    4.84416962e+02 1.83524597e+02 2.70375061e+02 1.69763626e+02
    2.93771057e+02 1.73530594e+02 3.18167206e+02 1.78058441e+02
    3.44087250e+02 1.82778976e+02 3.70493927e+02 1.88023071e+02
    3.97515137e+02 1.93763641e+02 4.24779236e+02 1.99464706e+02
    4.51761383e+02 2.05515839e+02 4.78083405e+02 2.11677399e+02
    2.69914337e+02 1.95392532e+02 2.92323975e+02 2.00056396e+02
    3.16237793e+02 2.04769073e+02 3.41278046e+02 2.09872971e+02
    3.67076904e+02 2.15487885e+02 3.93099945e+02 2.21002975e+02
    4.20038818e+02 2.26970673e+02 4.45902008e+02 2.32680496e+02
    4.71704742e+02 2.38502975e+02 2.69214478e+02 2.20581436e+02
    2.91485352e+02 2.25187729e+02 3.14442841e+02 2.30476120e+02
    3.39067108e+02 2.35922211e+02 3.63725586e+02 2.41314377e+02
    3.89307739e+02 2.47149124e+02 4.14813904e+02 2.52695618e+02
    4.40279205e+02 2.58309387e+02 4.65126404e+02 2.63803528e+02
    2.69173126e+02 2.43737045e+02 2.90388092e+02 2.49158875e+02
    3.13352081e+02 2.54530594e+02 3.36448944e+02 2.60045044e+02
    3.60814178e+02 2.65678162e+02 3.85159302e+02 2.71199738e+02
    4.10186554e+02 2.76879639e+02 4.34437500e+02 2.82164001e+02
    4.59018799e+02 2.87599182e+02 2.69169617e+02 2.66077362e+02
    2.90169586e+02 2.71264160e+02 3.11825134e+02 2.76905060e+02
    3.34854828e+02 2.82631744e+02 3.57742645e+02 2.88016968e+02
    3.81833618e+02 2.93685547e+02 4.05456757e+02 2.98996490e+02
    4.29491119e+02 3.04433289e+02 4.52506348e+02 3.09283417e+02
    2.40349716e+02 1.48228363e+02 2.69375366e+02 1.46003891e+02
    3.00490784e+02 1.44081009e+02 3.32740265e+02 1.42698349e+02
    3.66261841e+02 1.41493790e+02 3.99486603e+02 1.41147446e+02
    4.33367188e+02 1.41818100e+02 4.65555634e+02 1.42645004e+02
    4.96299774e+02 1.44463699e+02 2.45734222e+02 1.78561035e+02
    2.73903503e+02 1.76698181e+02 3.03771881e+02 1.75561081e+02
    3.35027374e+02 1.74341309e+02 3.66965790e+02 1.73885498e+02
    3.99465424e+02 1.73803345e+02 4.31506897e+02 1.74013275e+02
    4.62593140e+02 1.74438263e+02 4.92232391e+02 1.75514206e+02
    2.51389557e+02 2.06397720e+02 2.78410431e+02 2.05794312e+02
    3.07282928e+02 2.04703354e+02 3.37246033e+02 2.04337646e+02
    3.68134125e+02 2.04111099e+02 3.98886505e+02 2.03801437e+02
    4.29825043e+02 2.03935806e+02 4.59256470e+02 2.03941864e+02
    4.88270386e+02 2.04521103e+02 2.56627075e+02 2.32912415e+02
    2.83231323e+02 2.32408005e+02 3.10461823e+02 2.32213486e+02
    3.39798035e+02 2.31886139e+02 3.68585480e+02 2.31628113e+02
    3.98571533e+02 2.31590775e+02 4.27445221e+02 2.31332489e+02
    4.56407349e+02 2.31344223e+02 4.83383636e+02 2.31172302e+02
    2.62332581e+02 2.56641693e+02 2.87272430e+02 2.56876251e+02
    3.14334717e+02 2.56928528e+02 3.41301025e+02 2.56877686e+02
    3.69970428e+02 2.56774231e+02 3.97436157e+02 2.56625519e+02
    4.25924622e+02 2.56492462e+02 4.52825623e+02 2.56158844e+02
    4.79523010e+02 2.55886108e+02 2.67383575e+02 2.78817841e+02
    2.92123871e+02 2.79162537e+02 3.17101288e+02 2.79444489e+02
    3.43961090e+02 2.79630951e+02 3.70233093e+02 2.79408417e+02
    3.97374390e+02 2.79511566e+02 4.23704895e+02 2.79180756e+02
    4.50040192e+02 2.78754395e+02 4.75023987e+02 2.78208710e+02
    2.42647919e+02 2.34889191e+02 2.67784332e+02 2.35306503e+02
    2.93882019e+02 2.35731293e+02 3.21085144e+02 2.36395035e+02
    3.48828522e+02 2.37063736e+02 3.76312958e+02 2.37431473e+02
    4.04051270e+02 2.38030991e+02 4.30796387e+02 2.38524765e+02
    4.56756989e+02 2.38912613e+02 2.44188721e+02 2.62875763e+02
    2.68968628e+02 2.63524078e+02 2.94621368e+02 2.64583221e+02
    3.21325836e+02 2.65050385e+02 3.48367493e+02 2.65494904e+02
    3.75559875e+02 2.66157593e+02 4.02619690e+02 2.66434540e+02
    4.28930634e+02 2.66756409e+02 4.54410889e+02 2.66775665e+02
    2.46455185e+02 2.89351074e+02 2.70408142e+02 2.90790497e+02
    2.95842987e+02 2.91655548e+02 3.21775513e+02 2.92581329e+02
    3.48301697e+02 2.93173370e+02 3.74744507e+02 2.93420746e+02
    4.01240540e+02 2.93734070e+02 4.26908600e+02 2.93620941e+02
    4.52033997e+02 2.93447937e+02 2.48583359e+02 3.14975311e+02
    2.72522125e+02 3.16226044e+02 2.96802155e+02 3.17604095e+02
    3.22500214e+02 3.18513641e+02 3.48046844e+02 3.19255615e+02
    3.74209351e+02 3.19618622e+02 3.99486115e+02 3.19394287e+02
    4.24979065e+02 3.19355377e+02 4.48945007e+02 3.18578583e+02
    2.51542877e+02 3.38444336e+02 2.74275543e+02 3.40450134e+02
    2.98608704e+02 3.41722870e+02 3.22948242e+02 3.42947845e+02
    3.48368286e+02 3.43604553e+02 3.72984344e+02 3.43797424e+02
    3.98338501e+02 3.43849518e+02 4.22456635e+02 3.43204529e+02
    4.46539185e+02 3.42471649e+02 2.54070709e+02 3.60725189e+02
