<?xml version="1.0"?>
<opencv_storage>
<calibration_time>"Wed Sep 20 21:26:35 2017"</calibration_time>
<nframes>5</nframes>
<image_width>640</image_width>
<image_height>480</image_height>
<board_width>9</board_width>
<board_height>6</board_height>
<square_size>25.</square_size>
<flags>0</flags>
<camera_matrix type_id="opencv-matrix">
  <rows>3</rows>
  <cols>3</cols>
  <dt>d</dt>
  <data>
    3.5247707501892114e+02 0. 3.5056860789110078e+02 0.
    3.8669497441531780e+02 2.6895771842736872e+02 0. 0. 1.</data></camera_matrix>
<distortion_coefficients type_id="opencv-matrix">
  <rows>5</rows>
  <cols>1</cols>
  <dt>d</dt>
  <data>
    -0.379174 0.187974
    0.0 0.0
    -0.052291</data></distortion_coefficients>
<avg_reprojection_error>1.9452427459428537e-01</avg_reprojection_error>
<per_view_reprojection_errors type_id="opencv-matrix">
  <rows>5</rows>
  <cols>1</cols>
  <dt>f</dt>
  <data>
    2.13187903e-01 1.48312539e-01 1.71706066e-01 1.94542885e-01
    2.33287096e-01</data></per_view_reprojection_errors>
<!-- a set of 6-tuples (rotation vector + translation vector) for each view -->
<extrinsic_parameters type_id="opencv-matrix">
  <rows>5</rows>
  <cols>6</cols>
  <dt>d</dt>
  <data>
    -8.6529785297839057e-02 2.3787407413550951e-01
    3.0611273924538764e+00 1.0231095412357384e+02 3.1520041669766428e+01
    1.9446718505270053e+02 -1.0336943544372364e-01
    1.4958250765991724e-01 3.0733880044168842e+00 1.1956749119192344e+02
    3.9517682599779569e+01 2.2766462021653024e+02
    -8.3872355519926028e-02 1.7386541337777017e-01
    3.1281464527330787e+00 8.2189171116361038e+01 5.0061161250888425e+01
    2.1412527022112982e+02 -2.9992575757661072e-01
    7.5007354216898206e-02 3.0658892829656423e+00 1.3260494795352918e+02
    4.1682790510125244e+01 1.8665613260208090e+02
    -1.3572711156674006e-01 -4.5420919292022177e-01
    3.0663238671833284e+00 9.9162433315294550e+01 4.3844247563497127e+01
    2.2096210117298534e+02</data></extrinsic_parameters>
<image_points type_id="opencv-matrix">
  <rows>5</rows>
  <cols>54</cols>
  <dt>"2f"</dt>
  <data>
    5.17654968e+02 3.25637787e+02 4.82692719e+02 3.30911652e+02
    4.43620850e+02 3.36531433e+02 4.00557831e+02 3.41554596e+02
    3.55558685e+02 3.45493774e+02 3.09585602e+02 3.49281036e+02
    2.64522308e+02 3.51524567e+02 2.22469193e+02 3.52971802e+02
    1.83932983e+02 3.53128265e+02 5.13812622e+02 2.81111603e+02
    4.79130096e+02 2.85042542e+02 4.39811737e+02 2.88473206e+02
    3.97070282e+02 2.92164581e+02 3.52282227e+02 2.96154297e+02
    3.06707031e+02 2.99556122e+02 2.61622650e+02 3.02328918e+02
    2.19978592e+02 3.04550537e+02 1.81737442e+02 3.06439758e+02
    5.08557648e+02 2.37848145e+02 4.73755280e+02 2.39378357e+02
    4.35042847e+02 2.41593552e+02 3.92938110e+02 2.43997177e+02
    3.49022675e+02 2.47357513e+02 3.04233917e+02 2.50348434e+02
    2.60375488e+02 2.53537125e+02 2.19153061e+02 2.56924927e+02
    1.81495438e+02 2.60290466e+02 5.01893555e+02 1.95926041e+02
    4.67567169e+02 1.96135818e+02 4.29558655e+02 1.96671555e+02
    3.88393768e+02 1.97941101e+02 3.45742920e+02 2.00298630e+02
    3.02241180e+02 2.03450775e+02 2.59561523e+02 2.07100845e+02
    2.19714493e+02 2.11466110e+02 1.82961899e+02 2.16151917e+02
    4.94372253e+02 1.57716354e+02 4.60655426e+02 1.56013672e+02
    4.23798615e+02 1.55656693e+02 3.83796478e+02 1.56095596e+02
    3.42792053e+02 1.57768951e+02 3.01184540e+02 1.60624237e+02
    2.60224823e+02 1.64757645e+02 2.21431793e+02 1.69774231e+02
    1.85841202e+02 1.75194733e+02 4.86194641e+02 1.22363373e+02
    4.53443359e+02 1.20197083e+02 4.17842804e+02 1.18756485e+02
    3.79690643e+02 1.18682228e+02 3.40169220e+02 1.19792870e+02
    3.00219696e+02 1.22608284e+02 2.61474426e+02 1.26758682e+02
    2.23945709e+02 1.31974991e+02 1.89840561e+02 1.38235001e+02
    5.17199890e+02 3.29563232e+02 4.87945099e+02 3.34152924e+02
    4.55158936e+02 3.38810791e+02 4.19547302e+02 3.43075745e+02
    3.82159180e+02 3.47222656e+02 3.42742401e+02 3.50429840e+02
    3.03289886e+02 3.52900330e+02 2.64822845e+02 3.54781342e+02
    2.28440140e+02 3.55628021e+02 5.15470886e+02 2.91382202e+02
    4.85844238e+02 2.94774506e+02 4.53032349e+02 2.98044739e+02
    4.17310791e+02 3.01509796e+02 3.79543121e+02 3.04536896e+02
    3.39935028e+02 3.07396332e+02 3.00718903e+02 3.10062042e+02
    2.61886017e+02 3.12126678e+02 2.25545471e+02 3.13957184e+02
    5.12271667e+02 2.53692215e+02 4.82550110e+02 2.55207962e+02
    4.49896637e+02 2.57302582e+02 4.14249207e+02 2.59399048e+02
    3.76658325e+02 2.61864807e+02 3.37973755e+02 2.64266174e+02
    2.98453766e+02 2.66859100e+02 2.60428253e+02 2.69492401e+02
    2.23790024e+02 2.71886414e+02 5.07832123e+02 2.16081512e+02
    4.78486481e+02 2.16668533e+02 4.45873474e+02 2.17167084e+02
    4.10795349e+02 2.18384872e+02 3.73618958e+02 2.19907196e+02
    3.35494598e+02 2.22162003e+02 2.96743835e+02 2.24709671e+02
    2.59076752e+02 2.27496094e+02 2.23419388e+02 2.30694778e+02
    5.02668976e+02 1.80772720e+02 4.73370270e+02 1.79561752e+02
    4.41521210e+02 1.79331207e+02 4.06946747e+02 1.79476913e+02
    3.70549042e+02 1.80473953e+02 3.33222137e+02 1.82171799e+02
    2.95560089e+02 1.84667511e+02 2.58795776e+02 1.87860748e+02
    2.23860840e+02 1.91522339e+02 4.96604218e+02 1.47087051e+02
    4.68027710e+02 1.45411087e+02 4.36704071e+02 1.43877548e+02
    4.02976776e+02 1.43383865e+02 3.67667053e+02 1.43685196e+02
    3.31503204e+02 1.45085480e+02 2.94950531e+02 1.47532974e+02
    2.59285065e+02 1.50781967e+02 2.25310989e+02 1.55062744e+02
    4.76427612e+02 3.53305359e+02 4.41150238e+02 3.55981049e+02
    4.02832855e+02 3.58303741e+02 3.62670258e+02 3.59491211e+02
    3.21507690e+02 3.60150848e+02 2.80894196e+02 3.59831055e+02
    2.41788483e+02 3.58428741e+02 2.05503326e+02 3.56456116e+02
    1.72667572e+02 3.53590363e+02 4.76500122e+02 3.11545258e+02
    4.41031372e+02 3.13236420e+02 4.02525848e+02 3.14294708e+02
    3.62261719e+02 3.15318085e+02 3.21161041e+02 3.15540222e+02
    2.80435211e+02 3.15376465e+02 2.40778961e+02 3.14940155e+02
    2.04801605e+02 3.13857025e+02 1.71682571e+02 3.12633514e+02
    4.75445007e+02 2.69694916e+02 4.40058380e+02 2.69804962e+02
    4.01777710e+02 2.70165985e+02 3.61384125e+02 2.70276001e+02
    3.20839844e+02 2.70508698e+02 2.80401123e+02 2.70737091e+02
    2.41353073e+02 2.70885590e+02 2.05374954e+02 2.71112732e+02
    1.72469070e+02 2.71086060e+02 4.72834229e+02 2.28391998e+02
    4.38082428e+02 2.27440552e+02 4.00522339e+02 2.26662674e+02
    3.60720032e+02 2.26424957e+02 3.21080322e+02 2.26417435e+02
    2.81237061e+02 2.26846954e+02 2.42889709e+02 2.27707764e+02
    2.07219177e+02 2.28954041e+02 1.74706360e+02 2.30411804e+02
    4.69724335e+02 1.89489471e+02 4.35591766e+02 1.87242249e+02
    3.98899445e+02 1.85818634e+02 3.60178894e+02 1.84893265e+02
    3.21427887e+02 1.84834412e+02 2.82500641e+02 1.85571045e+02
    2.45030151e+02 1.86988022e+02 2.10184036e+02 1.89173523e+02
    1.78444519e+02 1.91629410e+02 4.65841919e+02 1.52805893e+02
    4.32528717e+02 1.50074188e+02 3.96819244e+02 1.47798340e+02
    3.59641998e+02 1.46666504e+02 3.21844299e+02 1.46433273e+02
    2.84506622e+02 1.47321152e+02 2.48095245e+02 1.49337280e+02
    2.14076782e+02 1.51946991e+02 1.83086914e+02 1.55448090e+02
    5.61059570e+02 3.41748657e+02 5.33766968e+02 3.48830505e+02
    5.01800293e+02 3.57083466e+02 4.63800323e+02 3.65131104e+02
    4.20581329e+02 3.73330872e+02 3.72282501e+02 3.80551056e+02
    3.19634552e+02 3.86816376e+02 2.66647461e+02 3.91008972e+02
    2.15315704e+02 3.93005951e+02 5.60627197e+02 2.98469757e+02
    5.33438843e+02 3.03317505e+02 5.00816132e+02 3.08138977e+02
    4.62450684e+02 3.13753967e+02 4.18505371e+02 3.19062927e+02
    3.69281219e+02 3.24529388e+02 3.15596130e+02 3.29178741e+02
    2.61376678e+02 3.33234924e+02 2.08853683e+02 3.35785645e+02
    5.58294800e+02 2.54708466e+02 5.30677856e+02 2.56246948e+02
    4.98160339e+02 2.58249939e+02 4.59426605e+02 2.60245758e+02
