<?xml version="1.0"?>
<opencv_storage>
<rotation_matrix type_id="opencv-matrix">
  <rows>3</rows>
  <cols>3</cols>
  <dt>d</dt>
  <data>
    9.9938210404075822e-01 2.8903035023168183e-02
    -2.0000617228391221e-02 -2.7347696859128055e-03
    6.3125021491044331e-01 7.7557442403052723e-01 3.5041848664591292e-02
    -7.7504050264613167e-01 6.3093921109739193e-01</data></rotation_matrix>
<translation_matrix>
  -4.7781452259126400e+00 2.1338865843287005e+00 1.6847257712267123e+01</translation_matrix>
</opencv_storage>
