<?xml version="1.0"?>
<opencv_storage>
<rotation_matrix type_id="opencv-matrix">
  <rows>3</rows>
  <cols>3</cols>
  <dt>d</dt>
  <data>
    9.9809310526524031e-01 5.7987011904622368e-02
    -2.1157969476367177e-02 -2.4169212066805296e-02
    6.8253325706286228e-01 7.3045479133977231e-01 5.6797908500749339e-02
    -7.2855051949300931e-01 6.8263323837651402e-01</data></rotation_matrix>
<translation_matrix>
  -4.3933954695297324e+00 2.1088139083444126e+00 1.7362759026233203e+01</translation_matrix>
</opencv_storage>
