<?xml version="1.0"?>
<opencv_storage>
<rotation_matrix type_id="opencv-matrix">
  <rows>3</rows>
  <cols>3</cols>
  <dt>d</dt>
  <data>
    9.9802196671416055e-01 5.8104945227095091e-02
    -2.3999360328045630e-02 -2.0268327524241132e-02
    6.5876585623801476e-01 7.5207495740409114e-01 5.9509233362304209e-02
    -7.5010090120939832e-01 6.5864048550744225e-01</data></rotation_matrix>
<translation_matrix>
  -4.3897034974767015e+00 2.1856417992749164e+00 1.8186864942992326e+01</translation_matrix>
</opencv_storage>
