<?xml version="1.0"?>
<opencv_storage>
<rotation_matrix type_id="opencv-matrix">
  <rows>3</rows>
  <cols>3</cols>
  <dt>d</dt>
  <data>
    9.9920780458352076e-01 3.5011061901835436e-02
    -1.8920592059619358e-02 -7.6984161904875802e-03
    6.3650121507809687e-01 7.7123727710236112e-01 3.9044815885578496e-02
    -7.7048064787417736e-01 6.3626651145871971e-01</data></rotation_matrix>
<translation_matrix>
  -4.9724350104491446e+00 1.9759199343712077e+00 1.7010197608227081e+01</translation_matrix>
</opencv_storage>
